---
width: 25
height: 25
north: -20.800551419646325
south: -21.441065626573486
east: 56.351302046051046
west: 54.703352827301046
excluded:
  lat: -21.121154270682485
  lng: 55.527327436676046
  
port: 5000
address: 0.0.0.0
...
